指导老师课题/GIS类算法题目/GIS类_Answer_VS2010/05/TestData.txt
ncols         47
nrows         39
xllcorner     681685.29052734
yllcorner     4131944.4567261
cellsize      25
NODATA_value  -9999
1348.069 1359.979 1366.915 1374.184 1387.376 1392.114 1393.887 1391.987 1384.893 1381.83 1387.058 1391.504 1391.723 1388.82 1395.983 1414.127 1424.967 1422.351 1410.299 1400.46 1392.482 1397.113 1416.51 1426.912 1423.953 1414.034 1399.608 1390.234 1395.051 1405.846 1411.69 1405.023 1413.516 1428.96 1455.761 1470.714 1463.91 1454.129 1450.617 1460.626 1471.169 1470.506 1456.523 1445.731 1434.071 1416.379 1400.04 
1358.193 1364.997 1371.411 1381.776 1387.895 1389.565 1387.959 1382.47 1375.766 1368.964 1378.164 1379.899 1379.681 1383.92 1397.405 1415.97 1420.079 1409.972 1400.851 1391.244 1388.071 1396.467 1410.857 1418.305 1416.169 1405.474 1393.119 1387.867 1395.464 1404.009 1398.377 1399.376 1419.56 1442.294 1460.089 1471.476 1460.263 1444.781 1442.18 1449.789 1464.038 1471.194 1464.878 1452.556 1442.327 1428.072 1413.622 
1363.771 1365.581 1370.037 1371.728 1375.986 1379.98 1379.038 1374.631 1367.662 1361.621 1363.781 1365.123 1374.801 1386.823 1399.607 1414.28 1408.471 1401.214 1392.465 1383.787 1386.575 1395.536 1406.566 1410.713 1407.323 1396.598 1385.873 1385.362 1391.292 1389.291 1394.016 1409.79 1426.54 1448.225 1457.438 1460.289 1454.013 1436.626 1435.142 1442.976 1456.298 1466.686 1466.483 1457.365 1449.042 1439.06 1423.974 
1353.532 1355.415 1357.153 1359.49 1363.792 1370.927 1373.14 1370.749 1361.302 1353.917 1351.912 1359.976 1373.857 1388.062 1400.335 1407.142 1402.357 1393.849 1384.084 1373.187 1383.094 1394.673 1402.845 1405.27 1399.886 1388.718 1375.918 1378.133 1380.276 1390.015 1405.158 1420.917 1429.937 1438.23 1443.713 1445.828 1437.74 1426.175 1431.747 1442.326 1455.034 1467.689 1462.568 1453.669 1446.869 1437.066 1428.123 
1337.217 1341.576 1347.211 1358.19 1370.007 1374.296 1372.797 1369.976 1359.579 1348.417 1348.677 1359.709 1374.229 1387.594 1398.778 1402.999 1396.297 1386.344 1372.035 1368.176 1379.96 1392.845 1400.984 1400.822 1389.461 1378.251 1371.614 1377.518 1387.001 1397.493 1410.545 1420.328 1422.972 1424.405 1425.529 1424.898 1422.139 1421.098 1431.444 1444.153 1459.452 1469.088 1459.181 1447.72 1435.827 1425.81 1415.541 
1331.091 1344.619 1361.471 1370.044 1377.883 1381.19 1377.342 1370.248 1360.032 1345.628 1346.652 1357.941 1373.232 1385.233 1395.256 1395.057 1388.502 1377.386 1361.881 1364.047 1376.338 1387.016 1390.907 1386.454 1378.174 1370.246 1372.102 1381.923 1394.05 1396.095 1399.967 1405.915 1408.9 1408.912 1409.381 1409.066 1411.542 1422.223 1436.772 1449.642 1462.436 1467.853 1459.673 1449.935 1437.551 1424.577 1412.698 
1346.309 1357.44 1367.023 1370.509 1380.547 1381.402 1380.01 1370.518 1360.845 1339.833 1343.239 1353.775 1370.157 1380.95 1388.301 1386.539 1380.294 1367.575 1351.598 1354.017 1368.482 1375.641 1376.252 1372.847 1367.52 1363.711 1371.977 1380.198 1384.107 1387.822 1389.226 1390.723 1395.799 1397.695 1399.81 1406.597 1417.779 1429.296 1443.115 1452.152 1464.989 1463.302 1458.351 1453.166 1445.015 1432.344 1417.828 
1354.722 1361.885 1365.36 1367.106 1369.197 1373.242 1375.248 1370.314 1361.076 1339.833 1340.236 1348.758 1359.259 1373.065 1379.004 1377.03 1371.017 1360.294 1347.385 1347.687 1354.704 1357.813 1359.058 1358.306 1358.306 1361.187 1366.592 1372.367 1376.616 1379.207 1385.001 1390.858 1396.999 1402.646 1408.997 1416.635 1425.415 1439.422 1449.673 1458.838 1466.415 1455.689 1450.824 1450.993 1448.368 1440.748 1431.313 
1347.399 1348.458 1349.642 1351.522 1354.223 1362.694 1370.342 1370.154 1360.034 1338.83 1333.339 1344.641 1349.915 1360.091 1365.975 1366.097 1361.045 1349.952 1342.01 1343.093 1347.377 1349.144 1355.13 1359.705 1364.898 1371.745 1375.268 1380.588 1385.749 1387.376 1386.395 1395.25 1404.457 1413.543 1426.935 1438.098 1441.21 1446.695 1456.828 1466.371 1460.358 1448.1 1440.995 1441.032 1442.654 1443.63 1440.302 
1335.451 1334.384 1335.688 1342.67 1354.611 1367.206 1370.402 1367.76 1354.538 1337.234 1326.843 1337.69 1341.945 1345.154 1350.947 1350.833 1346.033 1340.487 1350.201 1353.604 1356.995 1360.836 1365.03 1367.768 1373.991 1383.187 1386.297 1390.417 1400.514 1399.607 1396.414 1397.338 1408.9 1424.49 1448.438 1452.009 1452.591 1453.796 1460.755 1465.698 1456.192 1442.8 1427.254 1415.243 1422.024 1435.083 1440.464 
1324.907 1324.507 1332.627 1345.852 1358.562 1369.497 1369.722 1360.432 1348.206 1332.858 1321.764 1325.978 1329.092 1330.815 1334.306 1338.167 1337.387 1347.91 1358.222 1362.599 1367.057 1371.616 1375.801 1380.53 1386.879 1393.871 1398.009 1394.55 1407.948 1415.819 1411.46 1399.795 1411.668 1430.971 1452.589 1460.209 1460.456 1461.582 1465.735 1461.689 1452.569 1440.407 1419.095 1397.696 1401.106 1406.714 1422.652 
1314.334 1323.367 1335.523 1346.33 1355.424 1361.312 1358.417 1350.546 1339.693 1325.27 1319.25 1321.049 1327.843 1328.903 1331.039 1336.218 1337.311 1343.701 1364.219 1368.773 1374.725 1381.656 1387.205 1391.995 1395.742 1402.058 1409.93 1411.496 1416.48 1428.39 1424.601 1415.339 1418.202 1436.54 1453.81 1461.807 1463.642 1466.684 1462.601 1457.116 1451.147 1438.257 1413.405 1396.079 1392.157 1396.309 1407.614 
1308.353 1318.907 1331.248 1339.743 1344.817 1345.195 1340.943 1335.329 1328.527 1319.25 1319.585 1331.452 1335.61 1338.407 1341.322 1342.46 1341.22 1339.713 1349.893 1366.888 1376.963 1389.445 1398.067 1404.686 1409.056 1419.377 1424.626 1426.141 1429.541 1446.658 1450.923 1440.463 1432.129 1441.078 1454.077 1461.81 1466.436 1462.025 1455.862 1451.235 1445.27 1435.328 1409.129 1396.183 1385.392 1389.057 1400.944 
1299.631 1307.714 1315.938 1325.647 1327.504 1327.419 1326.091 1322.984 1318.403 1319.192 1332.795 1341.356 1351.391 1352.468 1353.664 1355.673 1355.502 1353.295 1348.477 1355.623 1372.48 1386.118 1399.952 1411.352 1421.787 1431.166 1438.898 1445.38 1450.565 1455.089 1460.047 1458.327 1451.175 1453.547 1457.676 1464.182 1464.746 1457.415 1447.703 1439.365 1431.102 1421.773 1407.548 1395.877 1382.117 1382.988 1397.902 
1299.748 1299.987 1306.815 1309.767 1312.082 1312.816 1312.008 1314.399 1318.98 1332.502 1345.306 1354.475 1362.205 1368.074 1368.719 1368.126 1368.397 1367.066 1363.224 1357.692 1359.715 1374.784 1392.306 1404.638 1415.827 1431.356 1442.344 1454.869 1456.702 1460.827 1467.818 1468.456 1465.117 1464.287 1465.137 1468.749 1462.408 1450.82 1439.705 1423.146 1407.627 1401.612 1404.606 1394.375 1379.595 1376.012 1393.922 
1309.62 1310.434 1309.497 1307.743 1307.852 1308.519 1309.488 1315.692 1327.224 1341.042 1349.528 1359.43 1372.363 1376.853 1378.697 1378.881 1378.416 1376.605 1373.3 1369.221 1367.045 1367.577 1377.716 1395.481 1406.884 1417.592 1433.535 1450.791 1458.891 1463.074 1471.54 1473.292 1473.553 1473.703 1472.934 1465.604 1458.826 1445.167 1426.884 1405.759 1395.041 1390.166 1395.538 1390.216 1378.27 1369.302 1382.853 
1321.476 1320.827 1317.551 1313.089 1309.084 1309.918 1311.779 1318.786 1331.934 1342.348 1349.812 1361.902 1373.678 1385.365 1390.099 1391.372 1389.195 1386.853 1384.609 1381.515 1379.455 1377.057 1374.987 1380.571 1398.752 1407.087 1419.709 1436.027 1453.752 1460.222 1464.635 1469.116 1471.616 1474.259 1476.79 1464.937 1452.291 1440.007 1422.25 1403.693 1390.277 1382.859 1387.805 1387.404 1373.998 1364.957 1374.802 
1333.151 1332.296 1327.059 1320.231 1313.392 1318.483 1323.009 1319.878 1331.374 1340.66 1347.407 1357.596 1367.605 1376.831 1384.814 1391.886 1400.067 1400.909 1400.855 1399.209 1391.449 1388.341 1384.452 1379.838 1387.074 1397.784 1408.884 1421.497 1430.543 1444.829 1449.464 1456.534 1464.253 1468.707 1469.166 1461.768 1446.143 1436.591 1424.991 1411.483 1397.467 1381.44 1370.452 1372.545 1367.617 1358.479 1368.198 
1348.228 1343.544 1335.426 1325.968 1319.059 1321.038 1333.289 1328.466 1327.362 1332.949 1340.092 1348.721 1360.834 1368.009 1375.628 1381.446 1387.624 1392.816 1398.217 1404.086 1404.971 1401.272 1396.484 1391.428 1388.581 1390.157 1398.108 1412.119 1420.516 1431.024 1441.412 1450.629 1460.436 1467.485 1464.747 1455.944 1441.371 1433.122 1425.093 1415.897 1405.657 1386.242 1372.523 1360.5 1356.933 1352.356 1359.717 
1363.44 1358.293 1343.827 1332.264 1326.773 1324.259 1338.09 1339.863 1332.016 1329.301 1334.478 1339.317 1347.748 1360.436 1366.291 1372.026 1376.762 1381.219 1388.751 1397.725 1413.124 1415.271 1414.573 1414.51 1409.272 1398.644 1398.997 1418.333 1430.102 1437.315 1450.078 1457.344 1466.234 1468.702 1463.375 1448.506 1437.124 1426.039 1414.561 1401.964 1400.845 1389.334 1374.686 1362.315 1355.953 1350.125 1349.573 
1374.38 1368.346 1350.008 1346.533 1332.774 1327.621 1341.22 1349.092 1342.217 1343.45 1341.581 1338.938 1341.573 1348.401 1355.094 1362.774 1368.255 1372.774 1386.269 1396.264 1408.363 1424.239 1432.487 1431.876 1423.255 1413.743 1416.684 1431.592 1439.098 1451.549 1457.972 1465.55 1470.126 1470.073 1459.649 1444.378 1432.348 1420.052 1406.624 1395.53 1388.516 1383.185 1379.855 1371.461 1362.72 1355.07 1347.527 
1382.745 1370.956 1362.357 1363.738 1346.941 1328.5 1345.571 1357.911 1348.606 1353.025 1354.708 1349.205 1346.138 1345.188 1348.707 1354.517 1366.107 1378.354 1395.491 1403.883 1413.39 1429.046 1448.427 1447.891 1438.513 1428.064 1434.547 1440.68 1452.719 1458.85 1466.243 1470.362 1470.236 1463.781 1449.158 1438.908 1428.658 1419.181 1411.875 1405.033 1396.161 1389.979 1384.651 1380.723 1375.511 1361.757 1352.305 
1388.123 1377.295 1375.207 1365.607 1350.851 1331.547 1351.108 1362.867 1355.907 1363.608 1364.761 1360.204 1352.589 1348.085 1347.919 1356.241 1367.834 1383.32 1404.757 1414.338 1422.786 1439.394 1451.071 1452.371 1451.217 1450.42 1450.875 1453.682 1459.902 1464.856 1470.214 1470.141 1463.796 1451.418 1442.224 1433.464 1424.361 1418.612 1414.195 1411.594 1407.03 1399.476 1392.955 1387.722 1381.773 1369.5 1358.169 
1397.68 1393.482 1381.761 1366.108 1351.167 1339.322 1355.642 1366.023 1363.309 1373.034 1373.293 1368.238 1360.663 1351.842 1347.919 1355.183 1367.416 1383.963 1407.404 1418.099 1425.378 1432.099 1443.006 1450.611 1453.858 1456.725 1458.464 1460.317 1461.435 1463.929 1464.492 1459.06 1449.5 1442.672 1434.732 1425.62 1416.388 1412.601 1412.92 1413.97 1411.168 1406.88 1399.938 1393.23 1385.295 1378.903 1363.856 
1402.733 1392.436 1379.491 1365.408 1349.941 1349.357 1360.214 1371.688 1373.99 1381.208 1384.081 1381.246 1370.392 1359.437 1349.203 1352.003 1364.471 1377.227 1395.624 1409.603 1410.664 1410.528 1414.398 1429.992 1450.151 1455.311 1460.102 1460.435 1460.295 1457.6 1451.677 1447.1 1442.831 1436.072 1427.355 1415.095 1401.869 1402.183 1407.783 1411.058 1412.478 1410.805 1405.628 1396.273 1387.155 1379.323 1366.643 
1399.928 1387.935 1375.304 1363.852 1349.357 1353.135 1364.257 1377.655 1384.761 1390.218 1393.692 1390.617 1380.315 1370.306 1357.016 1349.614 1359.164 1371.289 1379.921 1388.609 1389.922 1391.729 1397.464 1411.133 1440.792 1448.249 1453.042 1454.174 1451.879 1447.212 1441.951 1438.043 1433.535 1430.158 1422.78 1410.392 1391.283 1386.234 1393.56 1403.258 1410.33 1411.291 1410.061 1398.853 1390.464 1379.971 1367.758 
1394.983 1382.935 1370.672 1362.605 1350.298 1358.177 1369.562 1387.163 1398.486 1405.203 1403.722 1398.037 1389.475 1377.31 1367.978 1357.266 1355.378 1363.349 1371.252 1375.602 1376.493 1382.701 1398.032 1413.671 1429.234 1440.93 1445.092 1446.95 1449.865 1441.107 1431.374 1429.092 1426.284 1424.239 1418.654 1409.294 1395.863 1380.259 1379.903 1390.124 1401.394 1409.825 1410.001 1399.51 1393.052 1383.664 1371.613 
1387.608 1381.075 1370.684 1364.752 1359.214 1362.152 1376.727 1396.7 1411.258 1424.872 1417.318 1407.622 1399.473 1386.583 1376.785 1365.276 1357.622 1358.865 1363.357 1367.742 1375.97 1388.548 1405.293 1416.499 1421.659 1426.603 1433.914 1441.331 1449.54 1437.972 1429.098 1421.083 1414.489 1411.538 1410.32 1403.828 1394.155 1379.976 1375.489 1378.91 1386.443 1400.374 1402.342 1399.273 1394.387 1388.261 1379.058 
1392.292 1387.433 1378.029 1369.09 1363.128 1371.804 1386.539 1404.589 1418.337 1427.234 1427.852 1417.404 1406.014 1395.651 1384.341 1373.208 1362.351 1359.613 1367.995 1374.591 1375.346 1383.637 1395.352 1401.241 1407.943 1415.9 1426.882 1437.486 1449.053 1437.293 1426.617 1412.855 1402.474 1399.02 1397.298 1391.334 1385.615 1375.955 1368.375 1365.779 1368.422 1379.24 1392.04 1393.743 1393.73 1388.318 1381.094 
1399.538 1395.497 1388.219 1377.162 1372.04 1380.879 1393.578 1407.141 1420.161 1431.455 1439.224 1430.322 1413.415 1403.824 1394.043 1380.758 1368.427 1364.845 1374.141 1387.123 1390.503 1387.04 1386.944 1401.328 1414.287 1424.331 1434.243 1448.235 1448.783 1439.364 1427.773 1410 1402.617 1396.716 1390.805 1388.422 1386.514 1380.902 1371.701 1363.705 1357.06 1357.663 1367.688 1378.937 1379.899 1380.442 1378.949 
1407.772 1403.469 1396.43 1387.465 1384.421 1390.31 1399.099 1409.688 1421.963 1437.824 1450.173 1442.34 1419.502 1412.53 1401.402 1387.331 1373.693 1367.966 1377.964 1392.562 1403.589 1399.546 1394.7 1400.442 1418.516 1430.365 1443.914 1452.595 1449.543 1439.319 1430.054 1419.862 1410.799 1404.794 1400.606 1396.845 1392.095 1390.255 1382.472 1368.677 1359.931 1354.108 1349.167 1352.262 1363.873 1369.444 1371.641 
1422.839 1411.68 1403.238 1393.759 1395.941 1400.604 1404.769 1412.418 1423.697 1441.985 1458.207 1445.51 1426.01 1416.281 1403.57 1391.223 1383.01 1373.052 1378.713 1393.403 1408.335 1418.471 1410.703 1400.857 1417.665 1434.79 1445.55 1450.791 1448.515 1437.2 1429.352 1419.375 1411.256 1406.63 1403.303 1397.419 1393.994 1392.656 1390.112 1380.471 1366.646 1358.843 1351.799 1346.905 1347.305 1350.198 1358.66 
1427.654 1423.516 1410.429 1397.588 1405.53 1410.729 1412.627 1419.087 1426.39 1442.293 1451.485 1444.551 1427.689 1417.571 1403.004 1398.077 1396.256 1382.977 1379.723 1393.043 1407.581 1426.954 1425.528 1417.329 1416.328 1435.69 1442.488 1443.905 1440.902 1430.527 1418.369 1409.936 1402.384 1396.573 1390.365 1388.047 1390.271 1391.495 1390.97 1385.279 1374.413 1364.318 1357.027 1350.363 1345.099 1342.556 1351.501 
1425.407 1430.648 1420.798 1410.585 1417.583 1412.977 1417.162 1422.453 1427.946 1434.245 1437.771 1437.908 1430.097 1422.494 1417.038 1413.303 1406.439 1394.392 1383.91 1392.185 1406.497 1430.016 1435.451 1432.035 1427.686 1440.513 1445.874 1439.823 1431.203 1419.343 1409.033 1399.627 1391.832 1385.266 1378.396 1377.101 1381.638 1386.344 1388.581 1386.674 1380.447 1369.332 1361.612 1354.672 1347.121 1336.92 1342.71 
1418.393 1429.567 1429.784 1424.367 1419.878 1413.813 1412.076 1412.456 1414.995 1418.53 1423.251 1429.64 1433.174 1434.771 1431.412 1423.77 1417.891 1403.365 1391.574 1391.913 1405.448 1427.105 1442.414 1449.412 1450.745 1454.19 1445.112 1437.028 1427.678 1414.085 1402.212 1392.191 1383.296 1376.467 1365.379 1367.488 1372.528 1378.25 1382.192 1384.33 1382.551 1373.96 1365.627 1357.699 1349.668 1338.222 1335.262 
1409.46 1424.723 1424.764 1418.762 1413.44 1411.183 1406.452 1399.225 1399.717 1401.471 1407.002 1415.318 1422.587 1434.062 1440.662 1432.682 1424.693 1418.817 1401.056 1393.446 1404.742 1423.687 1438.831 1447.766 1460.102 1456.23 1443.889 1436.481 1426.634 1414.137 1401.489 1394.173 1388.462 1377.943 1367.718 1359.159 1360.665 1368.664 1373.731 1376.563 1376.342 1375.058 1366.533 1358.615 1350.512 1338.949 1329.21 
1405.581 1422.685 1418.526 1411.183 1411.037 1408.508 1398.406 1390.785 1389.432 1389.915 1394.459 1400.997 1413.343 1426.563 1436.966 1440.714 1433.629 1426.583 1420.271 1406.828 1409.589 1421.892 1433.11 1445.08 1456.392 1451.969 1440.969 1434.68 1426.476 1416.13 1404.988 1397.441 1394.47 1383.879 1373.532 1363.164 1354.1 1353.245 1360.719 1365.417 1366.027 1364.977 1362.53 1357.046 1349.761 1340.58 1326.918 
1402.378 1410.123 1410.302 1408.334 1408.291 1403.09 1394.891 1386.985 1383.03 1384.385 1385.595 1397.205 1415.084 1424.589 1431.015 1440.806 1441.19 1439.428 1430.324 1425.274 1419.947 1422.516 1431.057 1443.005 1447.313 1443.976 1437.539 1428.617 1419.955 1411.285 1403.801 1397.031 1390.466 1384.51 1376.622 1366.859 1358.099 1348.347 1348.943 1354.285 1354.615 1353.907 1353.175 1351.027 1345.147 1338.707 1325.976 
1398.653 1408.698 1402.792 1396.028 1400.308 1398.087 1391.534 1383.363 1374.234 1381.184 1389.554 1399.363 1410.162 1419.427 1421.766 1429.387 1440.446 1441.849 1441.704 1438.83 1431.364 1430.448 1437.854 1443.939 1441.517 1438.287 1429.626 1419.923 1409.515 1401.289 1394.357 1389.653 1385.634 1381.811 1372.48 1365.249 1356.097 1348.552 1341.41 1341.405 1340.167 1338.973 1337.54 1335.909 1333.207 1329.653 1320.587 
